# File generated by CMD 3.1 (http://stev.oapd.inaf.it/cmd) on Sat Jan  7 21:04:20 CET 2023
# PARSEC isochrones, release v1.2S
# Basic references: Bressan et al. (2012), MNRAS, 427, 127 + Chen et al. (2014, 2015), MNRAS, 444, 2525 + MNRAS, 452, 1068 + Tang et al. (2014), MNRAS, 445, 4287
# Warning: you choose not to include the TP-AGB phase!
# Photometric system: DECAM (ABmags)
# Using OBC version of bolometric corrections as detailed in Marigo et al. (2008, A&A 482, 883) and Girardi et al. (2008, PASP 120, 583)
# BCs of Carbon stars derive from Aringer et al. (2009, A&A 503, 913)
# O-rich circumstellar dust ignored
# C-rich circumstellar dust ignored
# IMF: Chabrier (2001) lognormal 
# On RGB, assumed Reimers mass loss with efficiency eta=0.2
# Kind of output: isochrone tables
#	Isochrone  Z = 0.00100	Y = 0.25000	[M/H] = -1.190	eta_R = 0.200	Age = 	1.0500e+10 yr
#      Z	log(age/yr)	M_ini   	M_act	logL/Lo	logTe	logG	mbol    DECam-u DES-g   DES-r   DES-i   DES-z   DES-Y	int_IMF	stage
	0.001000	10.0212	0.09000000	0.0900	-3.2124	3.4567	5.3835	12.801	21.790	16.837	14.726	12.778	12.266	12.074	1.46765435	1
	0.001000	10.0212	0.09343057	0.0934	-3.1219	3.4696	5.3609	12.575	21.262	16.308	14.256	12.531	12.052	11.867	1.50406718	1
	0.001000	10.0212	0.10000000	0.1000	-2.9574	3.4931	5.3199	12.164	20.029	15.397	13.443	12.085	11.660	11.491	1.57040203	1
	0.001000	10.0212	0.11774643	0.1177	-2.7033	3.5225	5.2540	11.528	18.199	14.214	12.389	11.409	11.043	10.892	1.72945929	1
	0.001000	10.0212	0.12000000	0.1200	-2.6738	3.5259	5.2464	11.454	17.991	14.081	12.272	11.330	10.970	10.822	1.74782515	1
	0.001000	10.0212	0.14000000	0.1400	-2.4924	3.5422	5.1972	11.001	16.950	13.373	11.644	10.854	10.522	10.385	1.89584959	1
	0.001000	10.0212	0.16000000	0.1600	-2.3533	3.5526	5.1576	10.653	16.224	12.864	11.191	10.491	10.175	10.045	2.02115250	1
	0.001000	10.0212	0.20000000	0.2000	-2.1335	3.5667	5.0913	10.104	15.099	12.100	10.518	9.912	9.613	9.493	2.22178221	1
	0.001000	10.0212	0.25000000	0.2500	-1.9283	3.5779	5.0280	9.591	14.161	11.422	9.917	9.377	9.094	8.981	2.40809011	1
	0.001000	10.0212	0.30000001	0.3000	-1.7707	3.5864	4.9834	9.197	13.496	10.911	9.478	8.971	8.702	8.595	2.54750419	1
	0.001000	10.0212	0.34999999	0.3500	-1.6427	3.5936	4.9510	8.877	12.945	10.491	9.120	8.641	8.385	8.284	2.65552020	1
	0.001000	10.0212	0.40000001	0.4000	-1.4931	3.6046	4.9034	8.503	12.278	9.977	8.697	8.258	8.021	7.928	2.74133730	1
	0.001000	10.0212	0.44999999	0.4500	-1.3171	3.6218	4.8475	8.063	11.551	9.372	8.209	7.818	7.608	7.524	2.81098008	1
	0.001000	10.0212	0.50000000	0.4999	-1.1150	3.6500	4.8040	7.557	10.566	8.596	7.621	7.308	7.142	7.074	2.86847806	1
	0.001000	10.0212	0.55000001	0.5499	-0.8972	3.6808	4.7507	7.013	9.474	7.794	7.000	6.757	6.637	6.588	2.91663504	1
	0.001000	10.0212	0.60000002	0.5999	-0.6960	3.7087	4.6987	6.510	8.510	7.113	6.454	6.262	6.178	6.148	2.95739889	1
	0.001000	10.0212	0.60207707	0.6019	-0.6874	3.7100	4.6969	6.489	8.469	7.084	6.432	6.242	6.160	6.130	2.95895791	1
	0.001000	10.0212	0.62018454	0.6200	-0.6125	3.7213	4.6802	6.301	8.112	6.837	6.235	6.064	5.996	5.973	2.97214484	1
	0.001000	10.0212	0.63686085	0.6367	-0.5435	3.7316	4.6639	6.129	7.802	6.618	6.060	5.906	5.849	5.832	2.98367953	1
	0.001000	10.0212	0.64999998	0.6498	-0.4889	3.7396	4.6501	5.992	7.567	6.449	5.925	5.783	5.735	5.722	2.99236870	1
	0.001000	10.0212	0.66017324	0.6600	-0.4468	3.7452	4.6369	5.887	7.392	6.320	5.820	5.687	5.645	5.635	2.99886608	1
	0.001000	10.0212	0.67531568	0.6751	-0.3835	3.7533	4.6159	5.729	7.144	6.132	5.666	5.544	5.511	5.506	3.00818515	1
	0.001000	10.0212	0.68924344	0.6890	-0.3247	3.7605	4.5947	5.582	6.930	5.961	5.524	5.414	5.388	5.386	3.01640606	1
	0.001000	10.0212	0.69999999	0.6997	-0.2786	3.7658	4.5769	5.467	6.765	5.829	5.413	5.311	5.290	5.291	3.02253795	1
	0.001000	10.0212	0.71011263	0.7098	-0.2342	3.7706	4.5579	5.355	6.610	5.702	5.306	5.211	5.195	5.198	3.02813864	1
	0.001000	10.0212	0.71973968	0.7194	-0.1910	3.7751	4.5383	5.248	6.462	5.579	5.202	5.113	5.102	5.107	3.03332829	1
	0.001000	10.0212	0.72890264	0.7285	-0.1490	3.7791	4.5180	5.143	6.334	5.464	5.101	5.018	5.011	5.018	3.03814435	1
	0.001000	10.0212	0.73779708	0.7374	-0.1072	3.7829	4.4967	5.038	6.208	5.349	5.000	4.924	4.920	4.929	3.04270840	1
	0.001000	10.0212	0.74634522	0.7459	-0.0658	3.7865	4.4744	4.935	6.086	5.236	4.900	4.829	4.829	4.839	3.04699540	1
	0.001000	10.0212	0.75000000	0.7495	-0.0478	3.7879	4.4643	4.890	6.033	5.187	4.856	4.787	4.789	4.799	3.04879928	1
	0.001000	10.0212	0.75120646	0.7507	-0.0419	3.7884	4.4608	4.875	6.016	5.171	4.842	4.773	4.776	4.786	3.04939103	1
	0.001000	10.0212	0.76014465	0.7596	0.0037	3.7915	4.4329	4.761	5.886	5.047	4.731	4.667	4.673	4.684	3.05371833	1
	0.001000	10.0212	0.76858473	0.7680	0.0487	3.7944	4.4044	4.648	5.758	4.926	4.621	4.562	4.570	4.583	3.05771494	1
	0.001000	10.0212	0.77616233	0.7756	0.0912	3.7970	4.3764	4.542	5.639	4.812	4.517	4.461	4.473	4.487	3.06123114	1
	0.001000	10.0212	0.78650653	0.7858	0.1527	3.8003	4.3338	4.388	5.470	4.648	4.365	4.315	4.330	4.345	3.06592536	1
	0.001000	10.0212	0.79614395	0.7954	0.2133	3.8030	4.2894	4.237	5.313	4.488	4.216	4.170	4.187	4.204	3.07019210	1
	0.001000	10.0212	0.80000001	0.7992	0.2392	3.8039	4.2691	4.172	5.247	4.420	4.152	4.108	4.126	4.142	3.07187057	1
	0.001000	10.0212	0.80503339	0.8042	0.2729	3.8051	4.2428	4.088	5.160	4.332	4.068	4.026	4.045	4.062	3.07403684	1
	0.001000	10.0212	0.81247526	0.8116	0.3273	3.8063	4.1972	3.952	5.023	4.190	3.932	3.893	3.913	3.931	3.07718897	1
	0.001000	10.0212	0.81446141	0.8135	0.3427	3.8065	4.1836	3.913	4.985	4.151	3.893	3.855	3.875	3.893	3.07802033	1
	0.001000	10.0212	0.82001328	0.8190	0.3888	3.8062	4.1395	3.798	4.873	4.034	3.777	3.739	3.758	3.776	3.08032227	1
	0.001000	10.0212	0.82622904	0.8251	0.4466	3.8039	4.0757	3.653	4.739	3.893	3.630	3.588	3.606	3.623	3.08286166	1
	0.001000	10.0212	0.82944036	0.8283	0.4803	3.8016	4.0342	3.569	4.663	3.814	3.544	3.499	3.514	3.530	3.08415842	2
	0.001000	10.0212	0.83115977	0.8300	0.5000	3.7996	4.0076	3.520	4.622	3.769	3.493	3.445	3.458	3.473	3.08484864	2
	0.001000	10.0212	0.83452737	0.8332	0.5431	3.7935	3.9416	3.412	4.548	3.676	3.379	3.322	3.329	3.342	3.08619189	2
	0.001000	10.0212	0.83694965	0.8356	0.5782	3.7857	3.8765	3.324	4.502	3.609	3.285	3.217	3.216	3.224	3.08715105	2
	0.001000	10.0212	0.83907831	0.8377	0.6103	3.7751	3.8030	3.244	4.476	3.558	3.198	3.113	3.101	3.105	3.08798933	2
	0.001000	10.0212	0.84046584	0.8390	0.6311	3.7660	3.7465	3.192	4.497	3.537	3.142	3.043	3.021	3.021	3.08853340	2
	0.001000	10.0212	0.84167951	0.8402	0.6537	3.7562	3.6853	3.136	4.518	3.515	3.081	2.967	2.935	2.930	3.08900785	2
	0.001000	10.0212	0.84272832	0.8412	0.6859	3.7478	3.6204	3.055	4.509	3.465	2.999	2.871	2.831	2.821	3.08941674	2
	0.001000	10.0212	0.84353256	0.8419	0.7236	3.7425	3.5618	2.961	4.474	3.393	2.905	2.769	2.723	2.710	3.08972955	2
	0.001000	10.0212	0.84407359	0.8425	0.7543	3.7395	3.5191	2.884	4.430	3.329	2.828	2.688	2.638	2.623	3.08993959	3
	0.001000	10.0212	0.84419578	0.8426	0.7625	3.7389	3.5087	2.864	4.416	3.311	2.808	2.667	2.616	2.601	3.08998704	3
	0.001000	10.0212	0.84483892	0.8432	0.8069	3.7361	3.4535	2.753	4.336	3.211	2.697	2.552	2.497	2.481	3.09023619	3
	0.001000	10.0212	0.84538066	0.8437	0.8480	3.7340	3.4042	2.650	4.258	3.117	2.595	2.446	2.389	2.372	3.09044600	3
	0.001000	10.0212	0.84598184	0.8442	0.8979	3.7320	3.3465	2.525	4.156	3.000	2.470	2.318	2.259	2.240	3.09067845	3
	0.001000	10.0212	0.84653741	0.8447	0.9478	3.7301	3.2893	2.400	4.053	2.883	2.345	2.190	2.129	2.109	3.09089279	3
	0.001000	10.0212	0.84709477	0.8452	1.0024	3.7283	3.2278	2.264	3.937	2.754	2.209	2.051	1.988	1.967	3.09110761	3
	0.001000	10.0212	0.84758836	0.8456	1.0551	3.7266	3.1686	2.132	3.823	2.629	2.077	1.917	1.851	1.830	3.09129763	3
	0.001000	10.0212	0.84800708	0.8459	1.1036	3.7251	3.1140	2.011	3.719	2.514	1.956	1.793	1.726	1.704	3.09145880	3
	0.001000	10.0212	0.84833479	0.8462	1.1445	3.7238	3.0680	1.909	3.636	2.419	1.855	1.690	1.621	1.598	3.09158468	3
	0.001000	10.0212	0.84869766	0.8465	1.1938	3.7222	3.0125	1.786	3.536	2.304	1.733	1.566	1.495	1.470	3.09172392	3
	0.001000	10.0212	0.84904456	0.8467	1.2454	3.7204	2.9539	1.656	3.434	2.183	1.605	1.435	1.361	1.336	3.09185696	3
	0.001000	10.0212	0.84935874	0.8469	1.2967	3.7186	2.8955	1.528	3.334	2.065	1.478	1.305	1.229	1.203	3.09197736	3
	0.001000	10.0212	0.84963298	0.8471	1.3456	3.7169	2.8398	1.406	3.239	1.952	1.358	1.181	1.103	1.076	3.09208250	3
	0.001000	10.0212	0.84988093	0.8472	1.3938	3.7150	2.7842	1.286	3.147	1.841	1.238	1.058	0.979	0.950	3.09217739	3
	0.001000	10.0212	0.85000002	0.8472	1.4181	3.7140	2.7560	1.225	3.101	1.785	1.178	0.997	0.916	0.886	3.09222293	3
	0.001000	10.0212	0.85001630	0.8472	1.4215	3.7139	2.7522	1.216	3.095	1.778	1.170	0.988	0.907	0.878	3.09222913	3
	0.001000	10.0212	0.85022968	0.8473	1.4692	3.7121	2.6973	1.097	3.003	1.668	1.052	0.867	0.784	0.753	3.09231067	3
	0.001000	10.0212	0.85042262	0.8473	1.5163	3.7101	2.6421	0.979	2.916	1.562	0.936	0.747	0.662	0.630	3.09238434	3
	0.001000	10.0212	0.85059351	0.8473	1.5617	3.7082	2.5891	0.866	2.832	1.459	0.824	0.632	0.544	0.511	3.09244967	3
	0.001000	10.0212	0.85075384	0.8473	1.6079	3.7062	2.5349	0.750	2.746	1.354	0.710	0.515	0.424	0.390	3.09251094	3
	0.001000	10.0212	0.85090154	0.8472	1.6543	3.7041	2.4801	0.634	2.663	1.250	0.596	0.397	0.303	0.268	3.09256744	3
	0.001000	10.0212	0.85103589	0.8471	1.7005	3.7021	2.4258	0.519	2.582	1.147	0.482	0.279	0.183	0.146	3.09261870	3
	0.001000	10.0212	0.85115033	0.8470	1.7429	3.7000	2.3748	0.413	2.510	1.053	0.378	0.171	0.072	0.034	3.09266233	3
	0.001000	10.0212	0.85126215	0.8469	1.7878	3.6978	2.3213	0.300	2.441	0.956	0.269	0.058	-0.043	-0.083	3.09270501	3
	0.001000	10.0212	0.85136431	0.8467	1.8319	3.6956	2.2683	0.190	2.374	0.862	0.163	-0.052	-0.156	-0.198	3.09274387	3
	0.001000	10.0212	0.85145944	0.8465	1.8755	3.6934	2.2157	0.081	2.310	0.768	0.058	-0.161	-0.268	-0.312	3.09278011	3
	0.001000	10.0212	0.85154808	0.8463	1.9180	3.6912	2.1644	-0.025	2.247	0.678	-0.044	-0.268	-0.378	-0.423	3.09281397	3
	0.001000	10.0212	0.85164076	0.8460	1.9605	3.6889	2.1126	-0.131	2.187	0.589	-0.146	-0.374	-0.487	-0.534	3.09284925	3
	0.001000	10.0212	0.85172665	0.8456	1.9828	3.6879	2.0860	-0.187	2.152	0.540	-0.200	-0.430	-0.545	-0.592	3.09288192	3
	0.001000	10.0212	0.85179096	0.8454	1.9642	3.6893	2.1099	-0.141	2.172	0.577	-0.156	-0.384	-0.496	-0.543	3.09290648	3
	0.001000	10.0212	0.85181350	0.8453	1.9539	3.6900	2.1230	-0.115	2.184	0.597	-0.132	-0.358	-0.470	-0.515	3.09291506	3
	0.001000	10.0212	0.85186088	0.8451	1.9848	3.6883	2.0854	-0.192	2.140	0.532	-0.206	-0.435	-0.549	-0.596	3.09293318	3
	0.001000	10.0212	0.85192472	0.8448	2.0267	3.6860	2.0342	-0.297	2.082	0.445	-0.306	-0.540	-0.657	-0.706	3.09295750	3
	0.001000	10.0212	0.85198498	0.8445	2.0678	3.6837	1.9834	-0.400	2.028	0.359	-0.405	-0.644	-0.764	-0.814	3.09298038	3
	0.001000	10.0212	0.85204148	0.8441	2.1096	3.6814	1.9323	-0.504	1.974	0.273	-0.505	-0.748	-0.872	-0.924	3.09300184	3
	0.001000	10.0212	0.85209274	0.8437	2.1502	3.6789	1.8817	-0.605	1.927	0.191	-0.602	-0.850	-0.977	-1.031	3.09302139	3
	0.001000	10.0212	0.85214108	0.8433	2.1914	3.6765	1.8307	-0.709	1.877	0.107	-0.701	-0.954	-1.084	-1.140	3.09303975	3
	0.001000	10.0212	0.85218430	0.8428	2.2313	3.6740	1.7806	-0.808	1.834	0.029	-0.794	-1.053	-1.186	-1.244	3.09305620	3
	0.001000	10.0212	0.85222441	0.8423	2.2713	3.6716	1.7307	-0.908	1.792	-0.050	-0.887	-1.151	-1.288	-1.348	3.09307146	3
	0.001000	10.0212	0.85226053	0.8418	2.3100	3.6691	1.6816	-1.005	1.756	-0.123	-0.976	-1.245	-1.386	-1.448	3.09308529	3
	0.001000	10.0212	0.85229564	0.8412	2.3503	3.6666	1.6310	-1.106	1.716	-0.201	-1.069	-1.343	-1.488	-1.552	3.09309864	3
	0.001000	10.0212	0.85233396	0.8404	2.3979	3.6634	1.5702	-1.225	1.675	-0.290	-1.177	-1.459	-1.609	-1.675	3.09311318	3
	0.001000	10.0212	0.85236943	0.8395	2.4459	3.6602	1.5090	-1.345	1.634	-0.379	-1.287	-1.576	-1.731	-1.800	3.09312654	3
	0.001000	10.0212	0.85240227	0.8385	2.4942	3.6570	1.4475	-1.465	1.598	-0.469	-1.397	-1.693	-1.854	-1.925	3.09313917	3
	0.001000	10.0212	0.85243100	0.8374	2.5399	3.6538	1.3881	-1.580	1.573	-0.550	-1.501	-1.805	-1.970	-2.045	3.09315014	3
	0.001000	10.0212	0.85245836	0.8362	2.5870	3.6505	1.3274	-1.697	1.545	-0.634	-1.608	-1.919	-2.090	-2.167	3.09316039	3
	0.001000	10.0212	0.85248357	0.8349	2.6338	3.6473	1.2669	-1.815	1.522	-0.714	-1.711	-2.031	-2.207	-2.287	3.09317017	3
	0.001000	10.0212	0.85250604	0.8335	2.6791	3.6439	1.2076	-1.928	1.507	-0.787	-1.808	-2.137	-2.319	-2.403	3.09317851	3
	0.001000	10.0212	0.85252708	0.8319	2.7247	3.6407	1.1480	-2.042	1.490	-0.862	-1.907	-2.245	-2.432	-2.519	3.09318662	3
	0.001000	10.0212	0.85254675	0.8301	2.7708	3.6374	1.0877	-2.157	1.475	-0.938	-2.007	-2.353	-2.547	-2.637	3.09319401	3
	0.001000	10.0212	0.85256392	0.8283	2.8142	3.6340	1.0299	-2.266	1.469	-1.006	-2.099	-2.455	-2.654	-2.747	3.09320068	3
	0.001000	10.0212	0.85258043	0.8262	2.8588	3.6306	0.9709	-2.377	1.464	-1.075	-2.194	-2.559	-2.765	-2.861	3.09320688	3
	0.001000	10.0212	0.85259587	0.8239	2.9038	3.6273	0.9114	-2.489	1.463	-1.143	-2.290	-2.665	-2.877	-2.977	3.09321284	3
	0.001000	10.0212	0.85260952	0.8215	2.9463	3.6239	0.8537	-2.596	1.475	-1.201	-2.378	-2.763	-2.981	-3.085	3.09321785	3
	0.001000	10.0212	0.85262263	0.8187	2.9901	3.6205	0.7951	-2.705	1.488	-1.258	-2.466	-2.863	-3.088	-3.195	3.09322286	3
	0.001000	10.0212	0.85263497	0.8156	3.0339	3.6171	0.7362	-2.815	1.503	-1.315	-2.554	-2.963	-3.195	-3.305	3.09322762	3
	0.001000	10.0212	0.85264605	0.8123	3.0759	3.6137	0.6786	-2.920	1.525	-1.366	-2.637	-3.057	-3.297	-3.410	3.09323192	3
	0.001000	10.0212	0.85265672	0.8086	3.1192	3.6103	0.6199	-3.028	1.543	-1.420	-2.723	-3.155	-3.402	-3.518	3.09323597	3
	0.001000	10.0212	0.85266691	0.8043	3.1632	3.6070	0.5602	-3.138	1.562	-1.476	-2.810	-3.254	-3.508	-3.628	3.09323978	3
	0.001000	10.0212	0.85267621	0.7997	3.2055	3.6035	0.5015	-3.244	1.588	-1.526	-2.893	-3.349	-3.610	-3.734	3.09324336	3
	0.001000	10.0212	0.85268521	0.7945	3.2492	3.6002	0.4414	-3.353	1.615	-1.576	-2.979	-3.447	-3.716	-3.844	3.09324670	3
	0.001000	10.0212	0.85269356	0.7886	3.2916	3.5968	0.3825	-3.459	1.638	-1.613	-3.053	-3.538	-3.818	-3.950	3.09324980	3
	0.001000	10.0212	0.85270041	0.7831	3.3245	3.5941	0.3359	-3.541	1.656	-1.639	-3.109	-3.607	-3.897	-4.033	3.09325242	4
	0.001000	10.0212	0.85270041	0.7831	1.7496	3.7389	2.4898	0.396	1.994	0.819	0.330	0.192	0.140	0.126	3.09325242	4
	0.001000	10.0212	0.85276806	0.7830	1.7675	3.7377	2.4670	0.351	1.964	0.780	0.286	0.145	0.092	0.077	3.09327817	4
	0.001000	10.0212	0.85283649	0.7830	1.7702	3.7375	2.4637	0.344	1.959	0.774	0.279	0.138	0.085	0.070	3.09330416	4
	0.001000	10.0212	0.85290641	0.7829	1.7719	3.7377	2.4625	0.340	1.954	0.769	0.275	0.134	0.081	0.066	3.09333086	4
	0.001000	10.0212	0.85297555	0.7829	1.7725	3.7381	2.4634	0.339	1.948	0.766	0.273	0.133	0.081	0.065	3.09335709	4
	0.001000	10.0212	0.85304028	0.7828	1.7723	3.7386	2.4657	0.339	1.943	0.763	0.273	0.134	0.082	0.067	3.09338164	4
	0.001000	10.0212	0.85310477	0.7827	1.7716	3.7392	2.4689	0.341	1.938	0.762	0.275	0.137	0.086	0.071	3.09340620	4
	0.001000	10.0212	0.85316890	0.7827	1.7707	3.7400	2.4727	0.343	1.933	0.761	0.277	0.140	0.090	0.076	3.09343052	4
	0.001000	10.0212	0.85323262	0.7826	1.7697	3.7407	2.4766	0.346	1.928	0.760	0.279	0.144	0.094	0.081	3.09345460	4
	0.001000	10.0212	0.85330069	0.7826	1.7686	3.7414	2.4806	0.348	1.922	0.759	0.282	0.148	0.099	0.085	3.09348035	4
	0.001000	10.0212	0.85336804	0.7825	1.7677	3.7421	2.4843	0.351	1.917	0.757	0.284	0.151	0.103	0.090	3.09350610	4
	0.001000	10.0212	0.85343456	0.7825	1.7669	3.7428	2.4877	0.353	1.912	0.756	0.285	0.154	0.106	0.094	3.09353113	4
	0.001000	10.0212	0.85349816	0.7824	1.7662	3.7434	2.4908	0.354	1.907	0.755	0.287	0.156	0.110	0.098	3.09355545	4
	0.001000	10.0212	0.85356230	0.7824	1.7658	3.7439	2.4933	0.356	1.903	0.754	0.288	0.158	0.112	0.100	3.09357977	4
	0.001000	10.0212	0.85359979	0.7823	1.7656	3.7442	2.4945	0.356	1.901	0.753	0.288	0.159	0.113	0.102	3.09359384	4
	0.001000	10.0212	0.85362649	0.7823	1.7656	3.7443	2.4952	0.356	1.899	0.752	0.288	0.159	0.114	0.102	3.09360409	4
	0.001000	10.0212	0.85369062	0.7823	1.7655	3.7447	2.4966	0.356	1.895	0.750	0.288	0.160	0.115	0.103	3.09362841	4
	0.001000	10.0212	0.85375458	0.7822	1.7658	3.7449	2.4974	0.356	1.892	0.748	0.288	0.160	0.115	0.104	3.09365273	4
	0.001000	10.0212	0.85381848	0.7822	1.7663	3.7451	2.4973	0.354	1.889	0.746	0.286	0.158	0.114	0.103	3.09367681	4
	0.001000	10.0212	0.85388649	0.7821	1.7673	3.7451	2.4964	0.352	1.887	0.744	0.284	0.156	0.111	0.100	3.09370255	4
	0.001000	10.0212	0.85395151	0.7821	1.7689	3.7450	2.4942	0.348	1.884	0.741	0.280	0.152	0.107	0.096	3.09372735	4
	0.001000	10.0212	0.85401839	0.7820	1.7705	3.7447	2.4914	0.344	1.884	0.738	0.276	0.147	0.102	0.091	3.09375262	4
	0.001000	10.0212	0.85405123	0.7820	1.7716	3.7445	2.4895	0.341	1.883	0.736	0.273	0.144	0.099	0.087	3.09376502	4
	0.001000	10.0212	0.85408121	0.7820	1.7729	3.7442	2.4873	0.338	1.882	0.734	0.270	0.141	0.095	0.083	3.09377646	4
	0.001000	10.0212	0.85414809	0.7819	1.7755	3.7437	2.4826	0.331	1.881	0.730	0.264	0.134	0.087	0.075	3.09380174	4
	0.001000	10.0212	0.85421002	0.7819	1.7786	3.7431	2.4770	0.323	1.880	0.725	0.256	0.125	0.078	0.066	3.09382510	4
	0.001000	10.0212	0.85427135	0.7818	1.7822	3.7424	2.4706	0.314	1.879	0.719	0.247	0.115	0.067	0.054	3.09384847	4
	0.001000	10.0212	0.85433233	0.7818	1.7860	3.7417	2.4639	0.305	1.877	0.713	0.238	0.104	0.056	0.043	3.09387136	4
	0.001000	10.0212	0.85439348	0.7817	1.7906	3.7408	2.4558	0.294	1.876	0.706	0.226	0.092	0.042	0.028	3.09389472	4
	0.001000	10.0212	0.85445422	0.7816	1.7958	3.7398	2.4466	0.280	1.874	0.698	0.214	0.077	0.026	0.012	3.09391761	4
	0.001000	10.0212	0.85451549	0.7816	1.8015	3.7389	2.4371	0.266	1.870	0.688	0.200	0.061	0.010	-0.005	3.09394073	4
	0.001000	10.0212	0.85457677	0.7815	1.8081	3.7378	2.4260	0.250	1.866	0.677	0.183	0.043	-0.010	-0.025	3.09396386	4
	0.001000	10.0212	0.85464007	0.7814	1.8173	3.7363	2.4108	0.227	1.859	0.661	0.161	0.018	-0.037	-0.053	3.09398794	4
	0.001000	10.0212	0.85469919	0.7814	1.8126	3.7372	2.4191	0.239	1.861	0.668	0.172	0.031	-0.022	-0.038	3.09401035	4
	0.001000	10.0212	0.85476196	0.7813	1.8279	3.7347	2.3936	0.200	1.851	0.643	0.135	-0.011	-0.067	-0.084	3.09403396	4
	0.001000	10.0212	0.85482281	0.7812	1.8501	3.7314	2.3580	0.145	1.833	0.603	0.080	-0.071	-0.132	-0.151	3.09405708	4
	0.001000	10.0212	0.85487175	0.7811	1.8860	3.7264	2.3024	0.055	1.799	0.538	-0.009	-0.168	-0.234	-0.256	3.09407544	4
	0.001000	10.0212	0.85489511	0.7811	1.9240	3.7216	2.2453	-0.040	1.770	0.470	-0.100	-0.268	-0.340	-0.365	3.09408426	4
	0.001000	10.0212	0.85490531	0.7810	1.9620	3.7171	2.1890	-0.135	1.745	0.402	-0.191	-0.367	-0.445	-0.472	3.09408832	4
	0.001000	10.0212	0.85490978	0.7810	1.9996	3.7128	2.1341	-0.229	1.716	0.333	-0.281	-0.465	-0.548	-0.578	3.09408998	4
	0.001000	10.0212	0.85491204	0.7810	2.0360	3.7089	2.0822	-0.320	1.685	0.266	-0.369	-0.560	-0.647	-0.680	3.09409070	4
	0.001000	10.0212	0.85491323	0.7810	2.0677	3.7057	2.0379	-0.399	1.654	0.206	-0.445	-0.642	-0.733	-0.768	3.09409118	7
	0.001000	10.0212	0.85491335	0.7810	2.0717	3.7054	2.0323	-0.409	1.650	0.198	-0.455	-0.652	-0.744	-0.779	3.09409118	7
	0.001000	10.0212	0.85491478	0.7810	2.1199	3.7010	1.9666	-0.530	1.600	0.105	-0.571	-0.777	-0.874	-0.912	3.09409189	7
	0.001000	10.0212	0.85491669	0.7810	2.1683	3.6969	1.9019	-0.651	1.559	0.013	-0.686	-0.899	-1.002	-1.043	3.09409261	7
	0.001000	10.0212	0.85492015	0.7810	2.1521	3.6985	1.9243	-0.610	1.568	0.042	-0.648	-0.859	-0.959	-0.999	3.09409380	7
	0.001000	10.0212	0.85495090	0.7807	2.1478	3.6985	1.9287	-0.599	1.577	0.053	-0.637	-0.848	-0.948	-0.988	3.09410548	7
	0.001000	10.0212	0.85497457	0.7805	2.1889	3.6948	1.8726	-0.702	1.550	-0.022	-0.733	-0.951	-1.057	-1.099	3.09411430	7
	0.001000	10.0212	0.85499674	0.7803	2.2312	3.6911	1.8153	-0.808	1.521	-0.099	-0.832	-1.057	-1.168	-1.212	3.09412289	7
	0.001000	10.0212	0.85501277	0.7801	2.2718	3.6875	1.7602	-0.910	1.494	-0.173	-0.926	-1.159	-1.274	-1.322	3.09412885	7
	0.001000	10.0212	0.85502416	0.7800	2.3082	3.6843	1.7111	-1.001	1.470	-0.240	-1.011	-1.250	-1.370	-1.420	3.09413314	7
	0.001000	10.0212	0.85503989	0.7797	2.3527	3.6805	1.6514	-1.112	1.439	-0.321	-1.115	-1.362	-1.487	-1.539	3.09413910	7
	0.001000	10.0212	0.85505408	0.7794	2.3923	3.6772	1.5984	-1.211	1.412	-0.393	-1.208	-1.461	-1.591	-1.646	3.09414434	7
	0.001000	10.0212	0.85506725	0.7791	2.4326	3.6739	1.5445	-1.311	1.386	-0.465	-1.301	-1.561	-1.695	-1.753	3.09414935	7
	0.001000	10.0212	0.85507941	0.7788	2.4732	3.6705	1.4902	-1.413	1.365	-0.536	-1.391	-1.659	-1.798	-1.859	3.09415412	7
	0.001000	10.0212	0.85509074	0.7784	2.5144	3.6670	1.4349	-1.516	1.350	-0.605	-1.483	-1.759	-1.903	-1.967	3.09415841	7
	0.001000	10.0212	0.85510105	0.7781	2.5557	3.6636	1.3795	-1.619	1.336	-0.674	-1.575	-1.858	-2.009	-2.075	3.09416223	7
	0.001000	10.0212	0.85511047	0.7776	2.5969	3.6601	1.3242	-1.722	1.323	-0.743	-1.666	-1.958	-2.114	-2.183	3.09416580	7
	0.001000	10.0212	0.85511893	0.7772	2.6377	3.6566	1.2692	-1.824	1.313	-0.810	-1.757	-2.057	-2.218	-2.290	3.09416890	7
	0.001000	10.0212	0.85512692	0.7767	2.6784	3.6531	1.2145	-1.926	1.305	-0.877	-1.847	-2.155	-2.321	-2.397	3.09417200	7
	0.001000	10.0212	0.85513461	0.7762	2.7190	3.6496	1.1594	-2.027	1.300	-0.942	-1.936	-2.252	-2.424	-2.503	3.09417486	7
	0.001000	10.0212	0.85514218	0.7755	2.7596	3.6461	1.1045	-2.129	1.298	-1.002	-2.021	-2.347	-2.525	-2.607	3.09417772	7
	0.001000	10.0212	0.85514951	0.7748	2.8014	3.6424	1.0475	-2.233	1.301	-1.063	-2.108	-2.443	-2.628	-2.714	3.09418058	7
	0.001000	10.0212	0.85515618	0.7740	2.8422	3.6389	0.9920	-2.336	1.304	-1.123	-2.193	-2.538	-2.729	-2.818	3.09418297	7
	0.001000	10.0212	0.85516262	0.7732	2.8848	3.6351	0.9339	-2.442	1.316	-1.181	-2.281	-2.637	-2.835	-2.927	3.09418535	7
	0.001000	10.0212	0.85516793	0.7723	2.9296	3.6311	0.8727	-2.554	1.332	-1.242	-2.374	-2.741	-2.946	-3.042	3.09418750	7
	0.001000	10.0212	0.85517186	0.7716	2.9737	3.6271	0.8120	-2.664	1.351	-1.301	-2.464	-2.843	-3.055	-3.155	3.09418893	7
	0.001000	10.0212	0.85517520	0.7708	3.0144	3.6235	0.7563	-2.766	1.373	-1.351	-2.545	-2.935	-3.155	-3.259	3.09419012	7
	0.001000	10.0212	0.85517853	0.7699	3.0579	3.6195	0.6967	-2.875	1.404	-1.400	-2.629	-3.032	-3.260	-3.368	3.09419155	7
	0.001000	10.0212	0.85518128	0.7690	3.0993	3.6158	0.6397	-2.978	1.436	-1.445	-2.708	-3.124	-3.359	-3.471	3.09419250	7
	0.001000	10.0212	0.85518384	0.7681	3.1665	3.6095	0.5470	-3.146	1.493	-1.516	-2.835	-3.272	-3.521	-3.639	3.09419346	7
	0.001000	10.0212	0.85518521	0.7674	3.1854	3.6077	0.5206	-3.193	1.512	-1.535	-2.870	-3.313	-3.566	-3.686	3.09419394	7
	0.001000	10.0212	0.85518557	0.7672	3.2132	3.6052	0.4823	-3.263	1.538	-1.563	-2.923	-3.374	-3.633	-3.755	3.09419417	7
	0.001000	10.0212	0.85518575	0.7670	3.2429	3.6024	0.4415	-3.337	1.570	-1.590	-2.977	-3.439	-3.704	-3.829	3.09419417	7
	0.001000	10.0212	0.85518599	0.7669	3.2710	3.5998	0.4028	-3.407	1.599	-1.615	-3.029	-3.501	-3.771	-3.900	3.09419441	7
	0.001000	10.0212	0.85518628	0.7666	3.3055	3.5965	0.3551	-3.494	1.631	-1.636	-3.084	-3.572	-3.853	-3.986	3.09419441	7
	0.001000	10.0212	0.85518688	0.7661	3.3368	3.5935	0.3117	-3.572	1.658	-1.654	-3.133	-3.635	-3.927	-4.064	3.09419465	7
	0.001000	10.0212	0.85518700	0.7660	3.3348	3.5937	0.3144	-3.567	1.656	-1.653	-3.130	-3.631	-3.923	-4.059	3.09419465	7
	0.001000	10.0212	0.85518700	0.7660	3.3348	3.5937	0.3144	-3.567	1.656	-1.654	-3.130	-3.631	-3.923	-4.059	3.09419465	8
